1000
0 627
45947 6916 30500 69506 18557 66745 73691 6360 51023 84710 55640 50831 34890 30169 35357 36854 28956 8292 68487 75596 17307 41766 54469 74573 61373 53334 74726 25174 17479 40721 86863 80190 80206 10913 31014 39289 88850 81112 85378 44318 43662 4838 67100 29843 54194 16929 52556 87639 25560 79996 14324 38987 79614 75475 79294 87150 57536 8019 93821 71879 64822 8000 92421 39173 54032 10094 12630 6093 62971 20198 8938 94086 20091 4013 44666 84004 98673 6012 9311 69227 93375 54662 3675 97257 62735 34897 23896 25293 33290 62725 41095 29344 67319 70909 56450 13696 1654 43981 72693 37675 81620 99661 86636 89224 47477 15390 18856 20366 95848 56937 21119 33090 29091 51039 1883 12675 96464 55672 13468 12913 68721 97408 71114 67239 90338 6443 57108 7822 4354 86901 55061 78250 18306 54079 88586 53678 86784 74022 40927 38618 99617 22493 60844 70998 50342 29164 67337 64306 10653 12648 37957 43969 14643 50270 4004 82422 16127 31012 83296 26189 44398 37252 14608 37798 62670 48478 53932 74424 86350 57594 19392 81382 23349 70527 81729 66939 39782 49206 40226 50072 34032 99562 6553 92603 77454 77009 5824 70565 35777 57319
1 132
36888 78049 43715 36018 70837 32571 28488 33829 25343 46386 46130 68050 32199 54432 47590 70576 70581 55312 63900 74040 86645 17458 39086 4980 2227 3284 72411 58267 6378 70826 51129 55321 69903 6216 8769 84118 98188 64383 37355 21715 80429 14415 17202 69201 68655 64142 55059 1194 7691 3283 56582 14167 44099 4889 33706 52850 26061 68355 75778 90587 46825 70724 60184 22192 51793 37247 51243 24787 86807 65512 35713 80085 19394 96185 65516 43101 73892 71595 42126 59315 73131 1743 16948 29158 82070 45382 56649 55571 50808 6407 70341 23436 60538 98129 98635 97247 33054 39157 17664 92091 22458 99641 84894 74873 42513 55122 23694 29969 45667 85467 89971 41726 6858 73235 29858 30515 34175 62298 78058 23224 71644 37246 48599 9911 76656 85562 9400 2077 54557 89230 31003 86396
2 410
23530 38368 31331 99056 87182 59460 81781 72911 74693 75647 9588 63295 81454 71537 1598 48250 53052 42866 41400 22692 22830 42763 52647 71722 58082 13072 78892 82033 46051 33414 71196 9199 37393 90770 60304 5355 5283 14196 50546 71668 93154 19263 49807 27074 89287 1555 97958 50788 24642 91091 18518 19565 64644 38932 42071 24018 12970 65696 52246 50505 84422 16402 8168 53413 64565 62946 98136 77091 75199 81292 63618 52856 62998 2976 53964 99343 89316 74167 93533 17005 17571 89397 14462 47340 4878 27518 61769 3187 53989 43383 47716 13035 71209 60960 87036 29451 47986 91065 24656 15361 3378 1120 81336 65842 86299 28268 98733 33834 33777 7893 84668 1944 20933 4464 2041 52430 2411 53750 1295 67559 36399 22153 12689 33950 29811 78215 87499 48386 15855 54070 41704 26305 15381 81623 62422 44447 10598 45218 35796 29934 89563 35349 70753 35436 92727 71434 77979 55703 151 57797 63095 43136 56118 12594 946 84540 35008 5155 37686 82939 51534 20225 66295 80112 27049 15140 84843 15209 61703 98225
3 994
6199 99025 33677 2138 62663 42442 64044 30610 42198 46433 80135 46307 52901 95673 62539 57154 56249 65456 11552 86927 78755 32717 29360 63103 97806 51450 26664 66921 97661 72784 88920 54381 88554 20544 28466 86332 72682 22368 66755 45776 27895 62238 70215 70303 33123 55887 93799 47822 67832 47696 25827 9426 92530 30810 25714 31955 45202 70696 13803 54160 9598 6014 90836 39262 2046 30048 38188 88124 73466 88021 64010 77820 46308 28481 72890 21172 32961 87117 71839 64468 98634 73288 67809 3950 99485 85748 99245 47649 43142 99022 56363 57475 93734 17606 93795 45810 74231 48258 13459 37401 37066 29626 46246 27207 36669 23114 90782 39982 50806 26140 80656 98547 38677 98581 97863 34615 57695 25917 35443 27517 4414 79391 93978 65394 53905 3843 24742 44732 11265 19809 36118 69238 13633 17045 26406 24851 59901 21050 35503 23427 8989 8388 15983 2984 9174 47763 79813 34203 54494 48816 84682 79331 68930 16222 17854 96039 59445 62013 77477 8087
4 359
99402 7825 34117 67252 40567 41832 42664 82853 14589 39201 13763 37055 39089 58503 71404 81675 8614 57460 52102 4451 35956 21304 21519 2614 43242 24036 46489 27877 26441 21534 27139 96366 8244 99881 71669 52109 35839 6852 46282 17333 9677 15378 57818 78334 10440 19585 40966 81887 34768 79848 11794 2874 86057 72697 17725 19783 29352 65870 19247 85195 10217 2744 48809 34501 72832 41718 34708 17484 11586 45766 46166 80729 4845 8068 82379 71199 82650 17884 80678 47402 62645 17046 68619 33659 82806 69492 44700 39972 4246 49877 6148 18334 53929 69086 89418 46912 73501 80539 44207 4875 44152 64237 94220 58856 31342 26285 51938 9421 58689 20245 87451 74736 68688 32324 329 26994 62067 80423 74036 63202 6824 15640 70635 62217 97 45557 91783 11483 78587 11911 8935 11890 65163 15651 76862 69597 29147 42587 81861 521 43371 77116 25263 14586 94890 98091 6716 65067 32966 31463
5 523
42106 93905 68600 80366 87322 3441 50139 94856 64375 30790 30850 82429 45704 11602 77135 85350 75182 35363 20320 89584 89740 88129 26558 36300 2204 9956 57385 89871 14212 90926 41092 79388 17595 35137 44550 48936 54513 64295 19600 54039 58984 4898 8972 59911 53346 14722 90747 86256 83294 35331 19071 3776 89567 33674 72184 69405 57783 80730 67486 12289 77751 98754 44061 49349 33496 40040 36339 44627 87916 22850 47342 78278 42696 31305 49270 11176 32428 64815 50275 86678 55852 807 50441 98325 29821 73412 20769 21797 41785 152 32410 31827 24217 79748 10491 5434 5757 63606 20390 21958 22571 58032 15022 20606 83538 27918 85592 69104 70142 48410 19680 86677 16019 76165 77487 27631 79684 84095 16525 20393 6323 7228 98843 72387 63331 35388 59963 8508 84268 22871 51058 82674 99414 79222 53269 42166 95932 20160 88391 56112
6 677
16865 82559 31555 71469 19297 44286 19731 79668 12742 4474 48894 77987 41617 60807 29395 99740 16625 43590 78782 49907 92431 61050 72857 93907 9787 10948 70251 90967 28007 41100 41143 21093 54989 86056 8425 14010 69055 61284 56562 1476 16902 18233 70740 43735 21458 81403 23592 99167 14388 13765 98117 79718 5947 81668 7846 10627 2883 82876 36291 17059 15916 7566 64488 5213 75367 17275 69340 45895 78517 95685 61293 29810 63823 46394 41369 52553 88390 50127 5220 85328 74368 83856 9092 89300 75341 51501 90554 13814 86789 73382 32946 14171 54681 85267 82017 75697 10239 36175 99500 31173 83183 65941 63462 32785 78032 93410 47560 54473 28358 19276 19491 38753 55889 43032 30974 66481 7223 12390 76333 64273 47710 17956 12115 77719 20820 53713 97399 75295 54420 39467
7 131
1580 46783 14829 2124 54579 20883 15822 67218 70334 14305 19817 92130 82522 89369 28659 16577 7118 24368 15839 19363 28729 80114 93310 24602 12448 74433 65585 44359 90582 61691 70827 54232 89594 47481 95048 45225 97433 16203 75673 45469 73859 88058 4799 72674 33392 35458 43920 97882 84572 85474 22730 43543 89386 47102 82260 23551 64730 99450 42364 37789 11434 93288 26192 17499 12111 10954 92854 94729 56052 12508 60754 27402 38424 45215 86987 42335 67383 21976 17756 85546 76607 15053 57889 17001 94925 82020 70922 65673 96476 39470 50006 4522 43978 63949 44718 78719 8056 2312 87214 94310 78684 96337 32101 29163 99615 38949 70040 75290 90673 17405 91555 89269 1823 10471 69622 56108 36732 61339 42949 37771
8 389
45439 77231 25607 81420 75157 49300 87145 40099 94997 59591 84013 88628 86380 15006 78758 30878 65532 1907 63923 70095 67296 93660 59984 56591 92626 59411 90246 24172 2711 56201 94291 41680 50258 48533 84434 58412 74046 32752 88050 29727 57742 90480 34298 65545 53603 17769 92255 3213 23216 77370 17755 34232 18409 67556 87342 99948 82322 41319 65790 43650 80754 27628 48705 96130 47013 93003 21541 41434 87905 39294 5126 23962 45894 52401 57816 41941 32340 50809 51912 99973 5667 47902 87981 33879 26175 74442 73874 52582 2831 70204 23237 94305 29881 91629 41402 42277 95222 21941 21795 14234 22044 90375 69895 12191 74317 84017 58568 91856 26138 44919
9 973
17352 32165 18851 10706 99674 4519 36350 366 97689 58422 79730 27229 73397 95369 44684 46050 4594 26242 84588 54931 20565 92567 71050 56751 60092 59823 47557 58755 91163 67923 26668 31404 85012 42345 20906 80794 66211 17918 80219 74574 88976 5057 44117 94214 79019 24655 95649 64800 17550 2288 52775 48863 25063 10521 55194 73755 2433 59744 97902 82593 18283 24698 42794 58547 86798 44532 60555 80249 67927 36521 81843 91623 86561 68681 61163 36271 66940 66315 15371 15989 99286 32654 87584 95438 667 9513 10371 94330 95150 66449 63388 72328 45942 1018 24983 59458 38729 78087 59765 54500
10 576
79990 4386 95445 66795 2178 85961 76425 94346 98215 68108 58061 3933 19854 42137 94718 58354 41509 7484 41630 41833 40817 64962 59817 57793 22723 68492 13306 62504 88181 70252 51412 13584 75409 27731 40125 93812 35260 49335 71734 53213 40628 72069 19972 5870 28725 2307 10517 15098 10319 16484 43326 63359 3878 79727 2083 91585 42765 3355 48273 36364 68366 18517 17496 24297 87358 21424 99689 74448 56114 11571 75823 77606 20993 63136 98060 91178 87098 99229 57598 81742 61281 64689 12772 65664 8145 72297 94702 26504 9117 84715
11 570
79228 52309 77625 35538 28590 26205 16373 64786 66317 12480 2389 25748 26496 26069 8831 90823 49021 38007 85777 27342 1927 9062 81723 3970 88801 19571 91411 64542 23191 78696 7874 56609 43099 43710 8416 36616 56090 38460 9185 3252 20196 29315 42793 48897 50742 5373 61151 69464 5154 98254 17140 97414 22968 88812 53530 51424 35253 93640 15119 48568 392 29251 76428 28292 33154 11060 75048 75278 92791 34009 7717 99821 99909 5623 4335 73060 52771 95958 56065 27466
12 693
46985 88034 24396 44186 99573 66424 43403 54246 17112 34563 38090 77395 21234 84537 7777 73101 3765 92878 39723 91070 12067 77803 81255 46117 29808 41421 79350 28414 63072 50393 79812 58500 55167 42787 11301 17998 59486 93087 39161 36159 27618 61252 57192 42975 42969 76230 12683 11124 55642 85470 89696 15948 47473 19617 14866 97358 28809 44133 55597 45100 85400 66584 3655 44788 42097 92093 53188 33490 39399 98240
13 909
45962 17687 13284 95301 35336 20221 95059 67099 37384 47762 72403 73272 49854 88161 37190 97957 73521 34030 46604 37575 66569 65241 4643 38344 43457 43231 30222 79637 42017 58184 88281 11383 30730 13663 64099 55948 16690 12193 67960 61883 817 89207 44615 44290 32170 3435 41709 22259 37182 42299 44195 7260 1560 74179 95543 81554 44739 89246 30117 75037
14 881
27578 81072 36469 65882 63840 89673 56353 38568 21036 78154 27686 50961 42031 24026 33266 87646 58053 18936 13089 13282 6396 23671 42840 57386 14928 1879 86101 56455 55576 14550 90631 585 37305 27903 63637 62866 29172 61233 39544 34586 96716 13973 53024 97752 48453 52816 91878 24968 72550 7628
15 459
80892 31534 95705 36407 3812 88000 21905 15024 39190 45592 21098 48309 20845 9849 96892 34541 40064 41014 15275 95406 88261 29126 49455 47792 91237 84543 16286 51822 97769 54858 91204 47620 22996 21504 96885 41270 89051 68219 20382 2337
16 145
54115 54245 39174 18023 14260 38223 39348 18964 78280 65191 42076 31825 94128 25281 57761 48034 41787 11857 91969 17864 39581 90773 57102 78670 76465 64854 27046 55241 85565 59941
17 181
72027 63890 48539 52321 40233 37067 38099 34243 71266 82819 20065 54973 63144 54842 3254 6732 29835 92919 60353 75815
18 928
9891 98065 60314 83171 15941 66729 93039 95597 6533 41149
19 459

20 342

21 150

22 653

23 355

24 182

25 864

26 135

27 509

28 932

29 233

30 600

31 527

32 530

33 479

34 496

35 154

36 680

37 718

38 241

39 349

40 370

41 789

42 838

43 478

44 459

45 734

46 186

47 555

48 870

49 19

50 355

51 200

52 884

53 421

54 309

55 758

56 618

57 785

58 22

59 50

60 843

61 362

62 680

63 481

64 268

65 818

66 958

67 326

68 720

69 120

70 500

71 845

72 486

73 839

74 520

75 845

76 793

77 124

78 520

79 809

80 302

81 87

82 687

83 24

84 190

85 461

86 192

87 179

88 265

89 758

90 474

91 898

92 703

93 427

94 466

95 796

96 773

97 859

98 827

99 986

100 593

101 918

102 942

103 99

104 774

105 134

106 653

107 704

108 19

109 844

110 112

111 766

112 179

113 245

114 252

115 374

116 642

117 93

118 366

119 532

120 392

121 587

122 750

123 821

124 736

125 321

126 742

127 561

128 828

129 195

130 182

131 908

132 626

133 829

134 559

135 143

136 612

137 594

138 657

139 657

140 648

141 441

142 358

143 891

144 871

145 294

146 107

147 813

148 882

149 275

150 526

151 46

152 431

153 212

154 985

155 369

156 736

157 165

158 533

159 465

160 180

161 996

162 241

163 969

164 177

165 314

166 953

167 295

168 75

169 807

170 82

171 473

172 646

173 374

174 518

175 670

176 845

177 436

178 655

179 893

180 229

181 160

182 884

183 167

184 548

185 4

186 214

187 105

188 812

189 287

190 294

191 236

192 932

193 972

194 633

195 471

196 898

197 393

198 781

199 128

200 817

201 72

202 7

203 216

204 971

205 611

206 760

207 841

208 349

209 923

210 109

211 71

212 21

213 754

214 232

215 32

216 889

217 879

218 134

219 3

220 116

221 364

222 472

223 812

224 275

225 201

226 545

227 177

228 536

229 667

230 345

231 37

232 47

233 228

234 342

235 543

236 412

237 429

238 934

239 357

240 239

241 426

242 577

243 173

244 129

245 228

246 456

247 7

248 636

249 561

250 832

251 89

252 597

253 882

254 468

255 607

256 735

257 211

258 260

259 748

260 304

261 573

262 112

263 939

264 411

265 667

266 547

267 315

268 726

269 949

270 442

271 722

272 601

273 801

274 613

275 391

276 559

277 647

278 189

279 863

280 245

281 25

282 496

283 430

284 378

285 488

286 627

287 235

288 561

289 175

290 723

291 119

292 457

293 210

294 984

295 276

296 473

297 651

298 631

299 627

300 67

301 610

302 691

303 667

304 250

305 328

306 104

307 426

308 197

309 397

310 150

311 669

312 50

313 16

314 373

315 955

316 901

317 569

318 175

319 164

320 596

321 581

322 141

323 402

324 39

325 241

326 617

327 670

328 8

329 785

330 174

331 959

332 702

333 281

334 150

335 327

336 770

337 355

338 626

339 623

340 680

341 804

342 639

343 431

344 27

345 770

346 968

347 191

348 663

349 507

350 542

351 481

352 781

353 614

354 895

355 14

356 128

357 23

358 741

359 644

360 964

361 875

362 714

363 203

364 350

365 895

366 222

367 519

368 890

369 796

370 328

371 798

372 329

373 423

374 856

375 105

376 799

377 695

378 373

379 74

380 736

381 388

382 630

383 963

384 957

385 327

386 798

387 121

388 880

389 683

390 987

391 807

392 719

393 343

394 549

395 195

396 604

397 62

398 74

399 410

400 513

401 574

402 898

403 978

404 304

405 984

406 722

407 14

408 479

409 744

410 966

411 780

412 396

413 309

414 43

415 506

416 978

417 605

418 410

419 343

420 220

421 438

422 384

423 369

424 975

425 162

426 553

427 56

428 651

429 405

430 204

431 17

432 872

433 946

434 983

435 491

436 354

437 888

438 991

439 570

440 338

441 803

442 274

443 248

444 998

445 1000

446 974

447 133

448 112

449 134

450 119

451 688

452 524

453 766

454 724

455 527

456 715

457 798

458 10

459 616

460 335

461 167

462 261

463 740

464 261

465 863

466 117

467 99

468 419

469 73

470 148

471 128

472 690

473 916

474 12

475 487

476 276

477 131

478 78

479 376

480 75

481 968

482 708

483 131

484 85

485 88

486 25

487 997

488 915

489 872

490 585

491 537

492 425

493 831

494 801

495 911

496 12

497 845

498 279

499 321

500 350

501 262

502 722

503 421

504 675

505 638

506 603

507 343

508 478

509 315

510 742

511 461

512 757

513 126

514 240

515 2

516 418

517 75

518 691

519 508

520 313

521 699

522 565

523 429

524 215

525 628

526 676

527 269

528 367

529 354

530 628

531 66

532 459

533 796

534 151

535 670

536 276

537 369

538 792

539 292

540 680

541 632

542 203

543 866

544 837

545 598

546 181

547 57

548 951

549 729

550 870

551 864

552 779

553 723

554 925

555 585

556 180

557 576

558 412

559 532

560 676

561 534

562 947

563 195

564 264

565 937

566 70

567 121

568 661

569 965

570 336

571 861

572 847

573 861

574 155

575 306

576 663

577 24

578 924

579 17

580 498

581 176

582 837

583 512

584 2

585 216

586 465

587 587

588 752

589 176

590 42

591 886

592 99

593 497

594 519

595 801

596 651

597 109

598 462

599 49

600 696

601 432

602 933

603 889

604 783

605 521

606 578

607 254

608 737

609 400

610 510

611 715

612 52

613 120

614 177

615 606

616 421

617 928

618 600

619 223

620 134

621 772

622 764

623 624

624 422

625 535

626 533

627 74

628 672

629 426

630 306

631 147

632 20

633 961

634 37

635 323

636 27

637 658

638 272

639 212

640 122

641 172

642 888

643 306

644 540

645 409

646 253

647 699

648 875

649 214

650 693

651 440

652 223

653 995

654 252

655 992

656 945

657 364

658 439

659 563

660 290

661 720

662 451

663 266

664 758

665 999

666 231

667 480

668 973

669 211

670 255

671 145

672 132

673 65

674 342

675 300

676 59

677 257

678 986

679 813

680 950

681 120

682 169

683 8

684 911

685 152

686 12

687 947

688 576

689 30

690 580

691 591

692 467

693 383

694 66

695 981

696 470

697 703

698 979

699 343

700 950

701 173

702 873

703 423

704 517

705 57

706 217

707 561

708 875

709 605

710 663

711 492

712 360

713 335

714 40

715 887

716 436

717 953

718 881

719 914

720 663

721 304

722 848

723 441

724 176

725 410

726 151

727 21

728 733

729 917

730 899

731 640

732 206

733 72

734 532

735 146

736 682

737 394

738 54

739 468

740 563

741 527

742 7

743 270

744 39

745 851

746 324

747 629

748 737

749 164

750 149

751 819

752 136

753 357

754 759

755 912

756 565

757 630

758 48

759 372

760 745

761 750

762 551

763 794

764 398

765 550

766 621

767 551

768 636

769 403

770 331

771 60

772 810

773 841

774 312

775 718

776 997

777 863

778 835

779 985

780 621

781 371

782 828

783 679

784 155

785 697

786 644

787 797

788 230

789 533

790 170

791 857

792 285

793 407

794 198

795 826

796 957

797 284

798 446

799 32

800 56

801 497

802 78

803 320

804 736

805 638

806 146

807 380

808 92

809 597

810 15

811 454

812 191

813 669

814 687

815 35

816 335

817 460

818 317

819 751

820 196

821 565

822 311

823 374

824 601

825 126

826 469

827 399

828 61

829 468

830 458

831 297

832 487

833 869

834 855

835 932

836 743

837 272

838 27

839 514

840 604

841 483

842 997

843 779

844 720

845 271

846 270

847 840

848 499

849 266

850 957

851 631

852 58

853 740

854 891

855 159

856 555

857 522

858 924

859 930

860 529

861 253

862 573

863 124

864 285

865 675

866 619

867 118

868 679

869 465

870 668

871 697

872 844

873 553

874 520

875 575

876 275

877 94

878 621

879 395

880 970

881 122

882 628

883 873

884 584

885 857

886 479

887 656

888 57

889 895

890 640

891 126

892 132

893 509

894 524

895 381

896 646

897 556

898 450

899 83

900 123

901 322

902 324

903 527

904 411

905 759

906 351

907 580

908 263

909 188

910 415

911 486

912 994

913 93

914 958

915 446

916 296

917 37

918 825

919 632

920 485

921 952

922 604

923 391

924 915

925 255

926 676

927 560

928 331

929 786

930 988

931 845

932 116

933 327

934 683

935 578

936 119

937 11

938 791

939 585

940 358

941 292

942 233

943 311

944 13

945 381

946 231

947 477

948 428

949 103

950 957

951 849

952 309

953 646

954 506

955 837

956 734

957 579

958 344

959 715

960 554

961 897

962 718

963 548

964 391

965 597

966 195

967 464

968 185

969 959

970 479

971 569

972 858

973 968

974 75

975 802

976 461

977 270

978 442

979 207

980 371

981 799

982 234

983 278

984 903

985 255

986 196

987 327

988 717

989 816

990 328

991 223

992 580

993 943

994 125

995 226

996 620

997 460

998 41

999 142

